465932995
298272057
66885482
26999312
771170853
438666271
251022238
8098101
584158955
301586180
991919072
585509735
207720304
741758562
201269321
109316612
237157676
680000094
779570152
945386942
265770643
909227852
495369972
65302235
916903452
739314055
405757593
239848726
726873754
118961691
584501839
218303583
103204608
910516328
459772039
127132724
498801620
375685412
948624229
419841244
940433923
735744409
174760029
734351393
962022976
898705138
277510688
250237440
368126365
811406153
988218330
791312093
715705579
852036437
217545366
457036188
728672515
54387814
79117849
893974247
970674267
974693661
497100280
860207833
920701110
503987737
847632040
3150324
50105132
969568799
77725705
38061324
653368534
175358957
275701127
78433546
137289241
930447706
577197734
687695367
407801525
653799060
151123515
483791706
253475212
802152131
995238267
379689366
456037934
307144849
307107805
758425885
648332105
789951498
372765982
208872708
657356419
650249708
557337099
119745370
