471564287
812239789
109462762
27069452
994564310
117433382
34192293
589404439
393721172
378947788
180702318
471820347
957999605
349795262
801346136
395947881
802222342
577809399
430402809
327252768
534788292
831563406
231171404
549462541
894036815
849270064
433335554
476931907
575622946
724732772
517154564
260049719
563000518
144472766
411649480
885216292
629123602
864094466
65361096
82166311
893310084
209768214
620832986
695180672
761075298
389030225
103448968
461561353
8992934
58960925
839379977
6408563
333202773
379948832
540204418
86672519
37272393
50974635
958050806
924170671
582384616
866682090
28352690
565365494
789832580
959285506
692724179
960684625
470880229
235858663
394686875
321041867
603068458
476612612
486333210
77594276
566681277
950266990
535074146
322176938
956433502
837538749
844052061
404190845
459465314
208525980
574726028
624172909
347509
547882145
417770435
488861918
466500117
106792827
992647634
416681438
858788937
736347928
937355328
174521452
470450407
786922659
181587827
95657237
917987429
648096485
76323792
735722324
281614956
509306622
684684822
168799102
697940876
551200269
313532897
492272934
468906269
571473592
196041322
225527
408415091
294731712
18593402
41178230
831418718
475623145
729684714
659416351
579621977
491688492
520302684
137305039
175672542
790620286
352412043
508064080
583782838
628603351
349853182
524636351
117970987
907684884
96594735
424237973
984536638
359928158
587129912
69420285
15134231
234596356
446769360
150220824
365400768
629236925
378310792
93578289
886636286
60637577
969843187
331993574
184695787
151089634
473605526
546433707
925397734
167441488
879610840
686285995
509077831
49896920
474425082
732739368
647654483
233904459
110037452
784199668
594018439
697613848
807321626
772296797
902054408
697210057
201915342
757171021
814634244
925412621
814150820
66910516
751081098
695985636
715509433
963073386
240599702
35457281
526862293
609620287
600109099
312027874
412753959
131884417
60330786
720693618
754575856
38454125
419039791
460305639
914092299
40673017
866576688
722684526
197115596
214138724
107987022
313566097
179051361
144653554
798962590
779340285
48909860
120884410
11670232
302006793
676932236
769358699
113802003
105881869
145314531
791416870
768217427
476606939
466413740
467179110
903559642
646850509
156888594
519490280
932016485
526199434
619927342
732733273
610541581
504777817
408950012
565523709
28281774
713473255
374827716
736097198
86371556
890425421
115344864
454102068
363859402
945148898
896843651
378272732
747286768
249566534
33177058
530581746
6869564
809132590
855270758
807942542
754060157
117018855
990630779
802906682
810383819
400884749
959731119
273363066
54004449
772602834
25139793
802491136
962039952
354893519
905555773
637938194
920883640
328731180
21935924
949502078
397320554
907220627
831968770
194611897
695632365
972717514
915737179
617225392
895258437
41190689
447558499
47676762
992583830
688593395
887783607
997184966
90581821
24509963
316807998
546321452
13223573
526959898
143780264
392830477
994835724
745727105
203896599
329220430
290916478
602362412
94308511
582980228
874874161
928764241
597815155
484630039
365665228
366752441
727796111
70209579
766734288
761789231
340964256
182056436
285534285
985831896
335240458
883907796
397811419
524597128
234677269
685684382
378320773
413528658
258835452
866391152
303907433
936155727
985026669
726571918
533260813
717810415
979616809
426807666
751389423
562115561
563747727
232377302
175873701
658707944
212220043
187883995
622318981
76631567
386741386
83237928
862481633
486372054
839642765
185181484
87789736
804875083
779628958
298390524
119559046
601565266
18422499
703482488
933753546
103134308
895958281
697816743
597531690
679720295
257109245
27540007
725867694
341069692
218458856
173253802
520917831
159952991
532073878
617223170
411722662
660920193
909167149
779320504
886631562
711427442
283367288
369539
193553137
100743611
743593140
913350132
91166008
481742144
465282079
769444028
993922286
972731688
833593524
877572790
674487192
604264769
987909346
773231705
593328245
44200065
849702395
452649453
845698670
879688055
539221835
952437085
28239140
530996628
191448126
548521840
457262413
791437125
124494976
189096142
732880502
809991195
643659308
523620926
310281611
459401827
98042189
419621979
147708085
800373783
622966307
980322845
911110394
35458291
644426731
126124666
527856390
916637320
811544194
699135438
252726370
257727425
829962301
332226466
737738200
702653534
881887507
402799185
739900645
589465120
541102632
635288915
48306878
549992524
247329980
893601296
524980965
674339439
257632627
929431596
324469607
121333926
164511156
97367470
113890173
785636976
314081604
744610231
747812731
268503722
336825399
958730254
986220847
563324796
99177474
78844379
992788994
645387996
408940919
580500739
150524904
243814583
16642909
231623988
822542114
891619842
192889057
523973463
663472197
984460763
379313680
653146879
379648698
238199173
719480183
994189030
738270310
953379681
691052676
540335584
34122350
21235954
708347492
327516814
610048605
258908080
830517597
300716031
364855085
435137123
915235435
685104604
898434228
565719948
382742609
979637171
371278793
884979805
638017359
43561663
871948872
135380712
773679134
950413902
391434273
749794433
206959060
420775576
900731849
689392083
315084287
408596812
697898858
369920837
383199167
255578976
585377330
997336676
988217922
6557204
381927353
642529178
882812406
831383665
87988267
148365989
168485677
64125146
439305386
367262021
301146830
170596020
803828064
884105514
503902622
776452337
550513886
665578888
319252282
133955802
328511793
668649507
689445446
991594837
283911718
56886021
422682605
522110733
327486326
473453366
73827874
806075330
178151026
819315229
912790782
473403683
75347509
63530347
753933284
560413562
164207858
54374610
710727644
35390077
568088403
871125230
350818266
781709589
434215216
833779026
590150622
12013480
575084007
730894592
929406274
340790620
185963386
267042850
323267164
710809507
921868287
545596866
623305310
521762948
450048935
458945544
894208927
724770283
94970216
793445769
805608470
554920530
849766654
436239415
125684159
962226993
927988796
380597553
269161988
218987376
299832183
169846373
28987356
207300194
679796444
832569126
507550896
626648391
262307070
610118891
788126066
628521083
647309369
39193283
563381710
164708059
260518236
165196989
477762823
429731952
190919759
846982923
689960078
782088165
302321316
824554992
278273342
467928969
122377656
508935718
737041315
809161869
496057250
898342225
934349104
182954234
179338070
598607820
464550647
872598773
73692747
853056197
375875364
155867278
151220627
343361423
217614388
24002078
412804026
192195273
947293079
493277399
582782289
574855035
411334720
335838405
976395479
177303338
892629757
430738293
350117129
722926382
122584360
28294232
189099662
746991431
665514225
554059967
157549247
574135672
801209310
564120431
422922568
282970842
346037076
438096486
383120296
417697112
148181242
116283909
305903849
535742010
756505987
14756295
983730183
370397920
15749839
497104758
684529609
726070971
245412886
860619673
194189257
672577213
914446398
941918112
318093551
583910732
500794357
771482321
844746604
745485766
183235589
700516312
109023354
556556198
772789069
515649179
637956485
754704650
193705462
266707217
255111515
388239347
345385885
664240325
503986033
429306641
476898886
333278582
512556429
557187721
864796606
178841919
739375295
815946898
419268970
607180623
793821899
547925781
374405667
110619184
505085692
657045812
266039710
739694332
17864761
104809429
129254515
708461200
226701150
911445144
142645102
742870029
390417667
311590855
153165069
480348620
928964321
818889134
162081948
968752221
124808253
599876582
203237460
265622770
500038981
959733486
444845784
885065317
377806119
581160878
849135112
384398674
218815260
728013216
147839815
300782072
939027791
389062644
715665810
672213814
626723630
769918125
359706568
234530474
770052331
282269563
292932976
53738349
774931903
241870347
582580161
713791413
306411037
2062991
449636400
394933106
550603755
691604974
541844660
391580399
799100516
475056234
237363515
371334778
995726790
274119702
17684134
483762276
351983338
759318395
967830249
11291940
337105775
105577838
940886548
239539314
51477085
194610969
787862865
706741690
580090588
577786536
176829697
804139950
991286608
996080084
652154919
771996913
651831917
691030505
160399426
172512505
413837427
414317321
985177074
134312380
957687128
260923903
529720779
572987985
201544394
996165491
721420675
701393131
617058722
822931866
935857465
708312756
258265644
920169524
270537775
507601600
905744242
475514441
72061392
927251898
326504961
717536081
541707032
41814103
544806579
171132160
869392061
254737055
554274500
811659058
569058577
736379722
155644449
609010411
869942959
771844367
523854818
933890515
112131191
259887629
686047310
919190583
681985941
450549546
613011802
370426652
152890885
214013340
351319161
651971327
503077486
539871312
32546803
448273906
76260094
969022099
108070832
691073318
795566315
15836324
874874989
245310317
707512408
101015004
154455664
788018804
224512623
399533211
652814655
159003999
916182759
487605363
715633619
891338884
522072540
193702529
165757058
295377121
170243431
450393795
302940058
700680598
139452845
964784751
445251337
673832639
92518907
588888583
929878216
893066597
74455332
87202123
742756404
877521226
461274136
794591830
431765515
347446708
394672420
931375528
175437742
142500000
675672081
914608476
876105086
372267444
29564120
302999574
159144123
446142155
459170269
993522696
669776834
970343170
186438994
510630740
995475581
200863007
895125826
773638112
299566242
280477387
792026036
674437772
164478559
285624288
444393248
116575342
705983482
418151572
397182556
386657522
741629753
358429006
402785289
73549215
269607395
404327621
364359974
756286555
846773979
146943624
933175236
581246001
