318398922
225459058
745215422
863658096
699670163
117902671
435122916
543932462
585802197
998723726
192546309
732415682
931439201
70830598
244691774
954997372
242955707
569965026
142117514
399098293
192851563
161079827
242223156
488817354
535292902
98336002
66313438
690684611
455856529
446497179
80403758
116700983
327884340
342296818
578012278
139108716
216474544
719183779
801939014
328346714
485760398
962852003
789944453
536054062
858568376
986433822
348870821
468012719
753014223
550090366
254573241
565649005
336372427
696987007
307549861
277023537
218138818
896581874
703416536
13800796
109883854
334304423
482569712
582983381
89900989
256503203
800932480
785204018
435259065
630432475
192711734
654863300
975200737
250733424
560519938
883706920
857313998
31060870
525022996
141612410
71571233
17001621
347546683
471679080
211741233
570575824
906198015
895045419
52180562
477938874
776489550
719858955
241299959
810306735
811022387
792814779
427992559
407197465
331589920
451158939
91280760
822530507
740021549
504993859
537323190
357797347
736452147
573625317
133290651
508799540
264344794
68806444
524196878
922065221
569995731
138623808
169728278
422740887
103010967
61637613
257259183
61273314
904170733
198320052
140776387
840322855
888701636
557466353
292659518
17506669
449917237
122332364
123813586
635714476
74842562
6797870
437622769
6065066
735139775
126382089
102236277
645836995
260543751
250762148
112172647
144759483
727280854
805494351
885341059
602400056
571412581
248426610
96757625
710862480
781113233
112074373
291841028
860965194
683108491
614694032
886730791
925944884
53207208
780664457
947708905
812960732
749088486
186873436
622480193
518503653
880612398
645489046
754913824
760297584
941391690
144508035
235906857
890321679
290902813
78320564
593640897
861162968
803836905
482448613
977909927
92398494
688031107
811857146
689894643
476760872
867361609
967844724
90844597
486133879
111966118
805314319
478669500
352316209
820274072
145966533
247301332
235836622
306877038
422201264
217883711
446396815
738302929
976168052
342384510
731450880
374663312
824623426
554032193
83898008
688932347
789222038
834785368
498028995
636310719
817976423
592357912
250870197
182757658
179546710
651767802
446660909
874876866
296512881
133508288
166702974
2498614
864735025
440013995
180350052
400843399
794577835
178762684
654134844
881467484
737385729
135673900
205042110
393542440
315828355
949468350
947774101
542312225
65000711
832214301
444660324
631994992
623814054
503357917
204755302
20858719
598138560
607411000
28313426
343685671
41128425
94789552
830671332
627158338
947558237
108104741
368201552
113638695
944972723
80977277
902008289
308941579
796926054
51247344
561479935
511556654
332739920
725966586
133287678
884272883
803169395
555027996
495435277
132254072
294610208
935131746
601997593
494510366
168493687
812518138
93721575
175058474
820648766
21363867
854979330
3839441
804886909
564084206
187340943
594850145
816425381
74772508
757634625
150629178
258875252
993626788
736259172
526426497
38246262
890684686
360702850
796745297
552841073
828219070
992495954
850439891
197129889
346825053
587655666
430670024
160303486
450700902
381388283
527646389
742903721
397769344
995468809
284282378
630728519
1455159
171917646
208672301
72279176
207874126
320603752
264271505
486548431
517098158
491304919
324912060
128853269
387857231
953073158
252293042
51616870
258239103
670404733
573586611
755043906
61344693
113446009
289257046
422189265
337630331
73640121
915892433
45878967
734974866
135465023
17153092
941292335
135217849
327083899
320437808
871871881
876402262
955274480
119109525
171567715
369691474
145029790
714514696
464762239
317251351
474079456
329075088
576165589
886149196
962224231
74034945
685329082
881429465
535856351
149044360
441959123
21133426
308398598
46503011
677229324
759322969
661602832
934931105
63889785
570175357
47024110
360079533
685823758
732036634
343782594
568467253
372687888
373298212
855488047
111650471
490318424
648652021
294552012
625824159
565972799
116939290
280505615
67864278
140825297
994746808
444948301
614604616
64994190
462806121
846525573
478884056
770353518
53758566
995441459
957349704
915389100
439002398
382185560
220015353
345196555
538097786
414434732
789739126
133152272
528218932
808859649
442723236
447072989
620520883
654039953
135287388
748962725
971526512
795527860
395487676
703591433
870812535
873784869
498172415
915415808
635620268
711051248
975105058
805414633
90844955
538594984
147895707
755507716
508467303
512943781
654511948
611684490
160264920
213927190
5676911
902438898
814742701
595177451
618798590
808944561
341869105
517670820
28319652
199760674
367078850
284921454
355881921
782469113
756435097
314503399
379892708
781799418
674444413
483236609
309238411
428423606
288192757
265527254
292756739
508032858
876007309
689297689
544391315
786962320
926498676
395029291
39995144
133843178
936025707
857304319
780147989
860350901
172333173
807865903
472066917
263833371
714214695
573255339
599177407
239325167
527413250
702312085
446886733
55785857
281280635
436580930
451222203
673966815
688344483
255447618
938042040
182937560
752122808
849317636
517084284
862997834
689336310
841844589
367039159
754116916
228231622
790720005
58129657
830496613
263352390
725868670
522651999
971334500
440552427
921581394
980118188
854407835
679131715
768648874
518643706
317093980
47665718
312709118
508858907
367725357
197842147
402001993
26929538
959876070
882476312
88443826
16429489
101969015
410205260
98908051
327651286
912335455
4172015
897936641
215697864
389868299
707390266
686710469
204805949
766509218
84876370
536767582
881181038
277943623
267951640
334207637
201027417
596707194
617718869
208258271
676367495
14401280
55273480
793848636
562000518
593169853
314991601
914618408
892185483
386725067
791396786
356873423
28074552
278539297
659571089
493285739
131533192
224186187
552379872
586865610
349039461
124829008
498584323
68166803
324931713
263981222
912570530
119367161
101535231
376900871
323473970
901306336
906338152
376982004
630821201
890283500
210704827
652604131
249017001
695364847
45938938
531914102
371946243
493001961
12974890
77486855
329265548
9954939
292960992
946928206
668166738
584111401
528863309
847931201
573534203
916590106
478843404
328818484
278175648
861676973
319372684
86202433
143993595
347645252
840748496
117989075
46322815
411948626
144071144
739994624
935213574
892172008
516426085
801627659
844189299
400292710
929389847
748198499
38758695
285746878
395721063
245101775
566966057
206842049
994192035
97863670
383930948
659621404
105215177
423255911
871620388
669673902
675682534
441969992
810081572
444136115
252485637
238395921
402442925
722592499
470766135
573528841
450626803
553880622
849291087
82406747
517918329
729483447
906279452
68673327
898455335
949728201
490579477
345714923
229016872
657313036
130601521
655531469
808158499
710396208
986653775
398942636
957638271
384112645
309494421
787590816
36456744
591920587
626441314
2130085
579457087
173757059
838948509
703426505
177204216
583382538
915844275
210038722
10631011
558298022
463537378
305180552
603016590
585028377
82202920
985081490
459561964
386786598
480377949
851189161
603955312
15086678
748416172
135985953
439243681
756389526
241145715
433428511
108959083
724047370
509331708
701259448
669052930
894426777
717585013
843876431
897536255
274450735
476951849
523532629
932337691
197640808
313063897
147421777
197837146
247303820
883985324
182676339
364082969
15210169
177276562
520418225
452298159
65998808
88635922
868261191
464003078
379036716
564725130
886271361
511361197
182057152
877752563
24799572
490487107
668583782
449113527
1157646
238265525
837081314
798256484
453816023
655482880
109569298
509485069
136848709
598923224
631612866
66434112
202465645
174685259
730040225
186655145
749092236
909719262
612552502
26135104
34240973
197467980
612856523
439904127
266641800
225211861
643666293
350878988
919433853
472508126
103838487
247210207
174116474
181873026
473208003
177932058
996232737
681650013
648175329
999010950
284566986
685289619
302194632
794316342
845604541
71330740
307545478
509568252
491673298
767615497
482620079
122224368
847002634
969288525
155213239
366966394
575830548
990657963
407148048
530114297
272131371
658117681
39118847
193481116
517484049
785997272
730530397
761081452
324988677
684914846
135873120
599165118
139397310
872633106
264837915
626791783
377485597
50853603
254857998
817305817
960108240
684454702
515184764
857399730
461264556
546504342
5868086
577680429
610645117
406107257
626328616
512955977
586877562
696217043
831523939
238818412
320383137
751083246
802122777
210199648
657980958
60212845
856755531
739640055
192330163
282402308
343629238
111634819
504660137
105791086
384722706
251421034
783717554
438281188
219419196
181433600
902479677
468569291
802544742
721092247
203928087
648818076
373883628
319844178
445996018
181647515
437956490
108166695
97741888
440464879
675011040
264698609
264272299
35879288
57680431
612583777
517117814
231109231
97427735
127117299
459999720
797620732
407345722
790665558
280790977
332941772
109657656
681416660
966238698
395095277
144291016
860765712
97405316
191171457
513566793
403543509
901794859
593711480
445738721
601059938
265155810
967402165
119513101
587002525
38100769
592496727
528836326
456143181
773211220
735276365
592103694
413530557
75279963
554964380
910846994
94748156
516887746
673852394
763663758
410915523
33858319
972936964
257970671
646452580
386314023
288772401
775460259
706148064
766333324
464501459
58622769
167267772
704468735
994565955
626901865
147033555
664178499
351581308
752220957
464738273
311478104
585838700
264206832
190147194
907132629
112514630
709330971
479287715
105767292
263046276
660659706
875749201
995931245
962347335
692822778
283026472
295907842
370343448
534097456
40842476
736187343
470343475
217243760
968433659
155306797
