292820618
19384842
505256825
894310072
198550765
951850324
126046709
51992375
958796105
807045837
622762826
665234270
317364909
859177209
873984926
476453831
900867502
273559237
723859743
886863838
431360563
284487757
645921732
484091620
474596150
413185014
643067676
508918711
673412678
963485697
235282863
618704570
488194937
701808696
400624506
704569800
700893901
883081507
952181098
390401136
146623659
813748043
710535964
731175311
757687943
864883918
516690582
594201002
240949825
25773760
557691844
947516296
439173928
647690566
887620807
15233263
822750763
538501151
775509363
615327230
26363567
212506163
355988561
51291847
737665129
127294572
296713830
7835914
743054355
440261268
485489477
854269786
264795717
702445779
683960711
32052392
466861642
500298323
361439201
574305206
536400910
858677805
860361683
629537865
473007787
168630443
235199508
861253173
552856488
780227552
428570851
142812960
602485368
756696519
773980631
618527727
770637192
563014877
316298790
303521834
